,cdc20,cycb
0,0.0,0.04020977342781875
1,0.0,0.04027244996691548
2,0.0,0.06801932145477335
3,0.0,0.07074526956203385
4,0.0,0.0677670142931608
5,0.0016722408026755853,0.040150378241238543
6,0.0016722408026755853,0.04020977342781875
7,0.0016722408026755853,0.0677670142931608
8,0.0033444816053511705,0.04004048308519027
9,0.0033444816053511705,0.04009402137481865
10,0.0033444816053511705,0.0724920540416056
11,0.005016722408026756,0.03998956420452832
12,0.005016722408026756,0.04004048308519027
13,0.005016722408026756,0.07456273822294342
14,0.005016722408026756,0.0724920540416056
15,0.006688963210702341,0.03994108379646216
16,0.006688963210702341,0.03998956420452832
17,0.006688963210702341,0.07456273822294342
18,0.006688963210702341,0.07827325888147023
19,0.006688963210702341,0.0724920540416056
20,0.008361204013377926,0.03989487712418798
21,0.008361204013377926,0.03994108379646216
22,0.008361204013377926,0.07456273822294342
23,0.008361204013377926,0.07827325888147023
24,0.010033444816053512,0.03985079388348427
25,0.010033444816053512,0.03989487712418798
26,0.010033444816053512,0.07810637361252641
27,0.011705685618729096,0.039808696661322696
28,0.011705685618729096,0.03985079388348427
29,0.011705685618729096,0.07810637361252641
30,0.013377926421404682,0.03976845958727326
31,0.013377926421404682,0.039808696661322696
32,0.013377926421404682,0.07810637361252641
33,0.015050167224080268,0.03972996715022682
34,0.015050167224080268,0.03976845958727326
35,0.015050167224080268,0.08245159168706462
36,0.016722408026755852,0.03969311315733158
37,0.016722408026755852,0.03972996715022682
38,0.016722408026755852,0.08245159168706462
39,0.016722408026755852,0.08462395560550069
40,0.018394648829431436,0.03965779981564838
41,0.018394648829431436,0.03969311315733158
42,0.018394648829431436,0.08760171081756422
43,0.018394648829431436,0.08462395560550069
44,0.020066889632107024,0.039623936920016645
45,0.020066889632107024,0.03965779981564838
46,0.020066889632107024,0.08462395560550069
47,0.021739130434782608,0.039591441133107495
48,0.021739130434782608,0.039623936920016645
49,0.023411371237458192,0.03956023534571201
50,0.023411371237458192,0.039591441133107495
51,0.02508361204013378,0.039530248107047
52,0.02508361204013378,0.03956023534571201
53,0.02508361204013378,0.0915577730716101
54,0.02508361204013378,0.091997078704798
55,0.026755852842809364,0.039530248107047
56,0.026755852842809364,0.03956023534571201
57,0.026755852842809364,0.0915577730716101
58,0.026755852842809364,0.091997078704798
59,0.028428093645484948,0.039501413116318565
60,0.028428093645484948,0.039530248107047
61,0.028428093645484948,0.091997078704798
62,0.030100334448160536,0.03947366876801068
63,0.030100334448160536,0.039501413116318565
64,0.030100334448160536,0.091997078704798
65,0.03177257525083612,0.039446957744405216
66,0.03177257525083612,0.03947366876801068
67,0.03177257525083612,0.09861414368637708
68,0.033444816053511704,0.03942122664971858
69,0.033444816053511704,0.039446957744405216
70,0.03511705685618729,0.03939642568098961
71,0.03511705685618729,0.03942122664971858
72,0.03511705685618729,0.10013024694026999
73,0.03678929765886287,0.03937250833149152
74,0.03678929765886287,0.03939642568098961
75,0.03678929765886287,0.10164275132674588
76,0.03678929765886287,0.10013024694026999
77,0.038461538461538464,0.03937250833149152
78,0.038461538461538464,0.03939642568098961
79,0.038461538461538464,0.10164275132674588
80,0.038461538461538464,0.10013024694026999
81,0.04013377926421405,0.03934943112298562
82,0.04013377926421405,0.03937250833149152
83,0.04180602006688963,0.03932715336360349
84,0.04180602006688963,0.03934943112298562
85,0.043478260869565216,0.039305636928545905
86,0.043478260869565216,0.03932715336360349
87,0.0451505016722408,0.039305636928545905
88,0.0451505016722408,0.03932715336360349
89,0.0451505016722408,0.11103488212787296
90,0.0451505016722408,0.10890398598641794
91,0.046822742474916385,0.039284846061132646
92,0.046822742474916385,0.039305636928545905
93,0.046822742474916385,0.10890398598641794
94,0.048494983277591976,0.039264747192038346
95,0.048494983277591976,0.039284846061132646
96,0.048494983277591976,0.1124405384706481
97,0.048494983277591976,0.10890398598641794
98,0.05016722408026756,0.039245308774807024
99,0.05016722408026756,0.039264747192038346
100,0.05016722408026756,0.1124405384706481
101,0.05016722408026756,0.10890398598641794
102,0.051839464882943144,0.039245308774807024
103,0.051839464882943144,0.039264747192038346
104,0.051839464882943144,0.1124405384706481
105,0.05351170568561873,0.03922650113596265
106,0.05351170568561873,0.039245308774807024
107,0.05351170568561873,0.877054968594025
108,0.05518394648829431,0.03920829633823011
109,0.05518394648829431,0.03922650113596265
110,0.05518394648829431,0.11819653197124855
111,0.05518394648829431,0.8751025404727647
112,0.05518394648829431,0.877054968594025
113,0.056856187290969896,0.03919066805555
114,0.056856187290969896,0.03920829633823011
115,0.056856187290969896,0.11819653197124855
116,0.056856187290969896,0.8751025404727647
117,0.056856187290969896,0.877054968594025
118,0.05852842809364548,0.03919066805555
119,0.05852842809364548,0.03920829633823011
120,0.05852842809364548,0.1245410844268344
121,0.05852842809364548,0.11819653197124855
122,0.05852842809364548,0.8731191248021659
123,0.05852842809364548,0.8751025404727647
124,0.06020066889632107,0.039173591458718855
125,0.06020066889632107,0.03919066805555
126,0.06020066889632107,0.1237160524016795
127,0.06020066889632107,0.1245410844268344
128,0.06020066889632107,0.11819653197124855
129,0.06020066889632107,0.871104230821394
130,0.06020066889632107,0.8731191248021659
131,0.061872909698996656,0.03915704311061818
132,0.061872909698996656,0.039173591458718855
133,0.061872909698996656,0.1237160524016795
134,0.061872909698996656,0.8690573600678043
135,0.061872909698996656,0.871104230821394
136,0.06354515050167224,0.03915704311061818
137,0.06354515050167224,0.039173591458718855
138,0.06354515050167224,0.1237160524016795
139,0.06354515050167224,0.866978006261254
140,0.06354515050167224,0.8690573600678043
141,0.06521739130434782,0.039141000870108654
142,0.06521739130434782,0.03915704311061818
143,0.06521739130434782,0.1237160524016795
144,0.06521739130434782,0.12789724151094944
145,0.06521739130434782,0.866978006261254
146,0.06521739130434782,0.8690573600678043
147,0.06688963210702341,0.03912544380376502
148,0.06688963210702341,0.039141000870108654
149,0.06688963210702341,0.12789724151094944
150,0.06688963210702341,0.8648656551870839
151,0.06688963210702341,0.866978006261254
152,0.06856187290969899,0.03912544380376502
153,0.06856187290969899,0.039141000870108654
154,0.06856187290969899,0.12789724151094944
155,0.06856187290969899,0.8627197845777832
156,0.06856187290969899,0.8648656551870839
157,0.07023411371237458,0.03911035210471829
158,0.07023411371237458,0.03912544380376502
159,0.07023411371237458,0.12789724151094944
160,0.07023411371237458,0.8605398639933611
161,0.07023411371237458,0.8627197845777832
162,0.07190635451505016,0.03911035210471829
163,0.07190635451505016,0.03912544380376502
164,0.07190635451505016,0.13883961193652253
165,0.07190635451505016,0.12789724151094944
166,0.07190635451505016,0.8605398639933611
167,0.07190635451505016,0.8627197845777832
168,0.07357859531772575,0.03909570701794582
169,0.07357859531772575,0.03911035210471829
170,0.07357859531772575,0.1352855492629966
171,0.07357859531772575,0.13883961193652253
172,0.07357859531772575,0.8583253547004517
173,0.07357859531772575,0.8605398639933611
174,0.07525083612040134,0.03908149077142091
175,0.07525083612040134,0.03909570701794582
176,0.07525083612040134,0.1352855492629966
177,0.07525083612040134,0.13883961193652253
178,0.07525083612040134,0.13791200224613945
179,0.07525083612040134,0.8560757095501803
180,0.07525083612040134,0.8583253547004517
181,0.07692307692307693,0.03908149077142091
182,0.07692307692307693,0.03909570701794582
183,0.07692307692307693,0.1352855492629966
184,0.07692307692307693,0.13791200224613945
185,0.07692307692307693,0.8560757095501803
186,0.07692307692307693,0.8583253547004517
187,0.07859531772575251,0.03906768651259398
188,0.07859531772575251,0.03908149077142091
189,0.07859531772575251,0.1352855492629966
190,0.07859531772575251,0.13791200224613945
191,0.07859531772575251,0.8537903728548271
192,0.07859531772575251,0.8560757095501803
193,0.0802675585284281,0.03905427824972949
194,0.0802675585284281,0.03906768651259398
195,0.0802675585284281,0.13791200224613945
196,0.0802675585284281,0.8514687802633251
197,0.0802675585284281,0.8537903728548271
198,0.08193979933110368,0.03905427824972949
199,0.08193979933110368,0.03906768651259398
200,0.08193979933110368,0.13791200224613945
201,0.08193979933110368,0.8491103586356404
202,0.08193979933110368,0.8514687802633251
203,0.08361204013377926,0.03904125079767251
204,0.08361204013377926,0.03905427824972949
205,0.08361204013377926,0.13791200224613945
206,0.08361204013377926,0.8491103586356404
207,0.08361204013377926,0.8514687802633251
208,0.08528428093645485,0.03904125079767251
209,0.08528428093645485,0.03905427824972949
210,0.08528428093645485,0.14701404352080585
211,0.08528428093645485,0.15369269809309438
212,0.08528428093645485,0.8467145259160815
213,0.08528428093645485,0.8491103586356404
214,0.08695652173913043,0.03902858972765942
215,0.08695652173913043,0.03904125079767251
216,0.08695652173913043,0.14701404352080585
217,0.08695652173913043,0.15369269809309438
218,0.08695652173913043,0.14816358489904063
219,0.08695652173913043,0.8442806910055954
220,0.08695652173913043,0.8467145259160815
221,0.08862876254180602,0.039016281320826185
222,0.08862876254180602,0.03902858972765942
223,0.08862876254180602,0.14701404352080585
224,0.08862876254180602,0.15369269809309438
225,0.08862876254180602,0.14816358489904063
226,0.08862876254180602,0.8442806910055954
227,0.08862876254180602,0.8467145259160815
228,0.0903010033444816,0.039016281320826185
229,0.0903010033444816,0.03902858972765942
230,0.0903010033444816,0.14701404352080585
231,0.0903010033444816,0.15369269809309438
232,0.0903010033444816,0.14816358489904063
233,0.0903010033444816,0.8418082536331153
234,0.0903010033444816,0.8442806910055954
235,0.09197324414715718,0.039004312525100414
236,0.09197324414715718,0.039016281320826185
237,0.09197324414715718,0.14701404352080585
238,0.09197324414715718,0.14816358489904063
239,0.09197324414715718,0.8392966042260285
240,0.09197324414715718,0.8418082536331153
241,0.09364548494983277,0.039004312525100414
242,0.09364548494983277,0.039016281320826185
243,0.09364548494983277,0.14816358489904063
244,0.09364548494983277,0.8392966042260285
245,0.09364548494983277,0.8418082536331153
246,0.09531772575250835,0.03899267091519383
247,0.09531772575250835,0.039004312525100414
248,0.09531772575250835,0.14816358489904063
249,0.09531772575250835,0.8367451237798453
250,0.09531772575250835,0.8392966042260285
251,0.09698996655518395,0.03899267091519383
252,0.09698996655518395,0.039004312525100414
253,0.09698996655518395,0.1588049974755569
254,0.09698996655518395,0.16891511087118488
255,0.09698996655518395,0.1585896661912036
256,0.09698996655518395,0.8341531837271545
257,0.09698996655518395,0.8367451237798453
258,0.09866220735785954,0.03898134465543842
259,0.09866220735785954,0.03899267091519383
260,0.09866220735785954,0.1588049974755569
261,0.09866220735785954,0.16891511087118488
262,0.09866220735785954,0.1585896661912036
263,0.09866220735785954,0.8341531837271545
264,0.09866220735785954,0.8367451237798453
265,0.10033444816053512,0.03898134465543842
266,0.10033444816053512,0.03899267091519383
267,0.10033444816053512,0.1588049974755569
268,0.10033444816053512,0.16891511087118488
269,0.10033444816053512,0.1585896661912036
270,0.10033444816053512,0.831520145805966
271,0.10033444816053512,0.8341531837271545
272,0.1020066889632107,0.038970322465233624
273,0.1020066889632107,0.03898134465543842
274,0.1020066889632107,0.1588049974755569
275,0.1020066889632107,0.16891511087118488
276,0.1020066889632107,0.1585896661912036
277,0.1020066889632107,0.828845361927543
278,0.1020066889632107,0.831520145805966
279,0.10367892976588629,0.038970322465233624
280,0.10367892976588629,0.03898134465543842
281,0.10367892976588629,0.1588049974755569
282,0.10367892976588629,0.16891511087118488
283,0.10367892976588629,0.1585896661912036
284,0.10367892976588629,0.828845361927543
285,0.10367892976588629,0.831520145805966
286,0.10535117056856187,0.03895959358689274
287,0.10535117056856187,0.038970322465233624
288,0.10535117056856187,0.1588049974755569
289,0.10535117056856187,0.16891511087118488
290,0.10535117056856187,0.1585896661912036
291,0.10535117056856187,0.8261281740438476
292,0.10535117056856187,0.828845361927543
293,0.10702341137123746,0.03894914775569782
294,0.10702341137123746,0.03895959358689274
295,0.10702341137123746,0.1588049974755569
296,0.10702341137123746,0.1585896661912036
297,0.10702341137123746,0.16914019109332978
298,0.10702341137123746,0.8233679140147273
299,0.10702341137123746,0.8261281740438476
300,0.10869565217391304,0.03894914775569782
301,0.10869565217391304,0.03895959358689274
302,0.10869565217391304,0.17058987353385008
303,0.10869565217391304,0.16914019109332978
304,0.10869565217391304,0.8233679140147273
305,0.10869565217391304,0.8261281740438476
306,0.11036789297658862,0.03893897517198662
307,0.11036789297658862,0.03894914775569782
308,0.11036789297658862,0.17058987353385008
309,0.11036789297658862,0.1843628196902314
310,0.11036789297658862,0.16914019109332978
311,0.11036789297658862,0.8205639034749893
312,0.11036789297658862,0.8233679140147273
313,0.11204013377926421,0.03893897517198662
314,0.11204013377926421,0.03894914775569782
315,0.11204013377926421,0.17058987353385008
316,0.11204013377926421,0.1843628196902314
317,0.11204013377926421,0.16914019109332978
318,0.11204013377926421,0.8177154537015157
319,0.11204013377926421,0.8205639034749893
320,0.11371237458193979,0.038929066475114855
321,0.11371237458193979,0.03893897517198662
322,0.11371237458193979,0.17058987353385008
323,0.11371237458193979,0.1843628196902314
324,0.11371237458193979,0.16914019109332978
325,0.11371237458193979,0.8177154537015157
326,0.11371237458193979,0.8205639034749893
327,0.11538461538461538,0.038929066475114855
328,0.11538461538461538,0.03893897517198662
329,0.11538461538461538,0.17058987353385008
330,0.11538461538461538,0.1843628196902314
331,0.11538461538461538,0.16914019109332978
332,0.11538461538461538,0.8148218654806021
333,0.11538461538461538,0.8177154537015157
334,0.11705685618729096,0.0389194127191462
335,0.11705685618729096,0.038929066475114855
336,0.11705685618729096,0.17058987353385008
337,0.11705685618729096,0.1843628196902314
338,0.11705685618729096,0.16914019109332978
339,0.11705685618729096,0.1797748605662546
340,0.11705685618729096,0.8148218654806021
341,0.11705685618729096,0.8177154537015157
342,0.11872909698996656,0.0389194127191462
343,0.11872909698996656,0.038929066475114855
344,0.11872909698996656,0.17058987353385008
345,0.11872909698996656,0.18231987013872952
346,0.11872909698996656,0.1843628196902314
347,0.11872909698996656,0.16914019109332978
348,0.11872909698996656,0.1797748605662546
349,0.11872909698996656,0.8118824289757015
350,0.11872909698996656,0.8148218654806021
351,0.12040133779264214,0.03891000535014021
352,0.12040133779264214,0.0389194127191462
353,0.12040133779264214,0.17058987353385008
354,0.12040133779264214,0.18231987013872952
355,0.12040133779264214,0.1797748605662546
356,0.12040133779264214,0.8088964235957884
357,0.12040133779264214,0.8118824289757015
358,0.12207357859531773,0.03891000535014021
359,0.12207357859531773,0.0389194127191462
360,0.12207357859531773,0.18231987013872952
361,0.12207357859531773,0.1999219844344977
362,0.12207357859531773,0.1797748605662546
363,0.12207357859531773,0.8088964235957884
364,0.12207357859531773,0.8118824289757015
365,0.12374581939799331,0.03890083618491531
366,0.12374581939799331,0.03891000535014021
367,0.12374581939799331,0.18231987013872952
368,0.12374581939799331,0.1999219844344977
369,0.12374581939799331,0.1797748605662546
370,0.12374581939799331,0.8058631178645698
371,0.12374581939799331,0.8088964235957884
372,0.1254180602006689,0.03890083618491531
373,0.1254180602006689,0.03891000535014021
374,0.1254180602006689,0.18231987013872952
375,0.1254180602006689,0.1999219844344977
376,0.1254180602006689,0.1797748605662546
377,0.1254180602006689,0.8027817692907938
378,0.1254180602006689,0.8058631178645698
379,0.12709030100334448,0.03889189739117727
380,0.12709030100334448,0.03890083618491531
381,0.12709030100334448,0.18231987013872952
382,0.12709030100334448,0.1999219844344977
383,0.12709030100334448,0.1797748605662546
384,0.12709030100334448,0.19046102034620926
385,0.12709030100334448,0.8027817692907938
386,0.12709030100334448,0.8058631178645698
387,0.12876254180602006,0.03889189739117727
388,0.12876254180602006,0.03890083618491531
389,0.12876254180602006,0.18231987013872952
390,0.12876254180602006,0.1999219844344977
391,0.12876254180602006,0.1797748605662546
392,0.12876254180602006,0.19046102034620926
393,0.12876254180602006,0.7996516242399293
394,0.12876254180602006,0.8027817692907938
395,0.13043478260869565,0.03889189739117727
396,0.13043478260869565,0.03890083618491531
397,0.13043478260869565,0.18231987013872952
398,0.13043478260869565,0.1939599661249808
399,0.13043478260869565,0.1999219844344977
400,0.13043478260869565,0.1797748605662546
401,0.13043478260869565,0.19046102034620926
402,0.13043478260869565,0.7996516242399293
403,0.13043478260869565,0.8027817692907938
404,0.13210702341137123,0.03888318146891191
405,0.13210702341137123,0.03889189739117727
406,0.13210702341137123,0.18231987013872952
407,0.13210702341137123,0.1939599661249808
408,0.13210702341137123,0.21550055876906515
409,0.13210702341137123,0.1999219844344977
410,0.13210702341137123,0.19046102034620926
411,0.13210702341137123,0.7964719178075165
412,0.13210702341137123,0.7996516242399293
413,0.13377926421404682,0.03888318146891191
414,0.13377926421404682,0.03889189739117727
415,0.13377926421404682,0.1939599661249808
416,0.13377926421404682,0.21550055876906515
417,0.13377926421404682,0.1999219844344977
418,0.13377926421404682,0.19046102034620926
419,0.13377926421404682,0.7932418736945127
420,0.13377926421404682,0.7964719178075165
421,0.1354515050167224,0.03887468123294925
422,0.1354515050167224,0.03888318146891191
423,0.1354515050167224,0.1939599661249808
424,0.1354515050167224,0.21550055876906515
425,0.1354515050167224,0.19046102034620926
426,0.1354515050167224,0.20117198730343658
427,0.1354515050167224,0.7932418736945127
428,0.1354515050167224,0.7964719178075165
429,0.13712374581939799,0.03887468123294925
430,0.13712374581939799,0.03888318146891191
431,0.13712374581939799,0.1939599661249808
432,0.13712374581939799,0.21550055876906515
433,0.13712374581939799,0.19046102034620926
434,0.13712374581939799,0.20117198730343658
435,0.13712374581939799,0.7899607040849915
436,0.13712374581939799,0.7932418736945127
437,0.13879598662207357,0.038866389796613485
438,0.13879598662207357,0.03887468123294925
439,0.13879598662207357,0.1939599661249808
440,0.13879598662207357,0.21550055876906515
441,0.13879598662207357,0.19046102034620926
442,0.13879598662207357,0.20117198730343658
443,0.13879598662207357,0.7899607040849915
444,0.13879598662207357,0.7932418736945127
445,0.14046822742474915,0.038866389796613485
446,0.14046822742474915,0.03887468123294925
447,0.14046822742474915,0.1939599661249808
448,0.14046822742474915,0.20548478531177275
449,0.14046822742474915,0.21550055876906515
450,0.14046822742474915,0.19046102034620926
451,0.14046822742474915,0.20117198730343658
452,0.14046822742474915,0.7866276095265824
453,0.14046822742474915,0.7899607040849915
454,0.14214046822742474,0.038858300556381994
455,0.14214046822742474,0.038866389796613485
456,0.14214046822742474,0.1939599661249808
457,0.14214046822742474,0.20548478531177275
458,0.14214046822742474,0.21550055876906515
459,0.14214046822742474,0.19046102034620926
460,0.14214046822742474,0.20117198730343658
461,0.14214046822742474,0.7832417788140724
462,0.14214046822742474,0.7866276095265824
463,0.14381270903010032,0.038858300556381994
464,0.14381270903010032,0.038866389796613485
465,0.14381270903010032,0.1939599661249808
466,0.14381270903010032,0.20548478531177275
467,0.14381270903010032,0.23102242014538496
468,0.14381270903010032,0.21550055876906515
469,0.14381270903010032,0.20117198730343658
470,0.14381270903010032,0.7832417788140724
471,0.14381270903010032,0.7866276095265824
472,0.1454849498327759,0.03885040717748009
473,0.1454849498327759,0.038858300556381994
474,0.1454849498327759,0.1939599661249808
475,0.1454849498327759,0.20548478531177275
476,0.1454849498327759,0.23102242014538496
477,0.1454849498327759,0.21550055876906515
478,0.1454849498327759,0.20117198730343658
479,0.1454849498327759,0.21188575931436512
480,0.1454849498327759,0.7798023888766337
481,0.1454849498327759,0.7832417788140724
482,0.1471571906354515,0.03885040717748009
483,0.1471571906354515,0.038858300556381994
484,0.1471571906354515,0.20548478531177275
485,0.1471571906354515,0.23102242014538496
486,0.1471571906354515,0.20117198730343658
487,0.1471571906354515,0.21188575931436512
488,0.1471571906354515,0.7798023888766337
489,0.1471571906354515,0.7832417788140724
490,0.14882943143812707,0.03885040717748009
491,0.14882943143812707,0.038858300556381994
492,0.14882943143812707,0.20548478531177275
493,0.14882943143812707,0.21687575795465105
494,0.14882943143812707,0.23102242014538496
495,0.14882943143812707,0.20117198730343658
496,0.14882943143812707,0.21188575931436512
497,0.14882943143812707,0.7763086046691753
498,0.14882943143812707,0.7798023888766337
499,0.1505016722408027,0.03884270358034692
500,0.1505016722408027,0.03885040717748009
501,0.1505016722408027,0.20548478531177275
502,0.1505016722408027,0.21687575795465105
503,0.1505016722408027,0.23102242014538496
504,0.1505016722408027,0.20117198730343658
505,0.1505016722408027,0.21188575931436512
506,0.1505016722408027,0.772759579068368
507,0.1505016722408027,0.7763086046691753
508,0.15217391304347827,0.03884270358034692
509,0.15217391304347827,0.03885040717748009
510,0.15217391304347827,0.20548478531177275
511,0.15217391304347827,0.21687575795465105
512,0.15217391304347827,0.24642339289289994
513,0.15217391304347827,0.23102242014538496
514,0.15217391304347827,0.20117198730343658
515,0.15217391304347827,0.21188575931436512
516,0.15217391304347827,0.772759579068368
517,0.15217391304347827,0.7763086046691753
518,0.15384615384615385,0.03883518392791109
519,0.15384615384615385,0.03884270358034692
520,0.15384615384615385,0.20548478531177275
521,0.15384615384615385,0.21687575795465105
522,0.15384615384615385,0.24642339289289994
523,0.15384615384615385,0.23102242014538496
524,0.15384615384615385,0.21188575931436512
525,0.15384615384615385,0.22258403247190153
526,0.15384615384615385,0.7691544527739319
527,0.15384615384615385,0.772759579068368
528,0.15551839464882944,0.03883518392791109
529,0.15551839464882944,0.03884270358034692
530,0.15551839464882944,0.20548478531177275
531,0.15551839464882944,0.21687575795465105
532,0.15551839464882944,0.24642339289289994
533,0.15551839464882944,0.23102242014538496
534,0.15551839464882944,0.21188575931436512
535,0.15551839464882944,0.22258403247190153
536,0.15551839464882944,0.7691544527739319
537,0.15551839464882944,0.772759579068368
538,0.15719063545150502,0.03882784261362002
539,0.15719063545150502,0.03883518392791109
540,0.15719063545150502,0.20548478531177275
541,0.15719063545150502,0.21687575795465105
542,0.15719063545150502,0.24642339289289994
543,0.15719063545150502,0.23102242014538496
544,0.15719063545150502,0.21188575931436512
545,0.15719063545150502,0.22258403247190153
546,0.15719063545150502,0.7654923542158392
547,0.15719063545150502,0.7691544527739319
548,0.1588628762541806,0.03882784261362002
549,0.1588628762541806,0.03883518392791109
550,0.1588628762541806,0.21687575795465105
551,0.1588628762541806,0.22811916979570915
552,0.1588628762541806,0.24642339289289994
553,0.1588628762541806,0.23102242014538496
554,0.1588628762541806,0.21188575931436512
555,0.1588628762541806,0.22258403247190153
556,0.1588628762541806,0.7617723994681278
557,0.1588628762541806,0.7654923542158392
558,0.1605351170568562,0.03882784261362002
559,0.1605351170568562,0.03883518392791109
560,0.1605351170568562,0.21687575795465105
561,0.1605351170568562,0.22811916979570915
562,0.1605351170568562,0.24642339289289994
563,0.1605351170568562,0.21188575931436512
564,0.1605351170568562,0.22258403247190153
565,0.1605351170568562,0.7617723994681278
566,0.1605351170568562,0.7654923542158392
567,0.16220735785953178,0.03882067425017204
568,0.16220735785953178,0.03882784261362002
569,0.16220735785953178,0.21687575795465105
570,0.16220735785953178,0.22811916979570915
571,0.16220735785953178,0.26164856830131006
572,0.16220735785953178,0.24642339289289994
573,0.16220735785953178,0.22258403247190153
574,0.16220735785953178,0.23325145427617802
575,0.16220735785953178,0.7579936921700947
576,0.16220735785953178,0.7617723994681278
577,0.16387959866220736,0.03882067425017204
578,0.16387959866220736,0.03882784261362002
579,0.16387959866220736,0.21687575795465105
580,0.16387959866220736,0.22811916979570915
581,0.16387959866220736,0.26164856830131006
582,0.16387959866220736,0.24642339289289994
583,0.16387959866220736,0.22258403247190153
584,0.16387959866220736,0.23325145427617802
585,0.16387959866220736,0.7579936921700947
586,0.16387959866220736,0.7617723994681278
587,0.16555183946488294,0.038813673658902904
588,0.16555183946488294,0.03882067425017204
589,0.16555183946488294,0.21687575795465105
590,0.16555183946488294,0.22811916979570915
591,0.16555183946488294,0.26164856830131006
592,0.16555183946488294,0.24642339289289994
593,0.16555183946488294,0.22258403247190153
594,0.16555183946488294,0.23325145427617802
595,0.16555183946488294,0.7541553234556955
596,0.16555183946488294,0.7579936921700947
597,0.16722408026755853,0.038813673658902904
598,0.16722408026755853,0.03882067425017204
599,0.16722408026755853,0.22811916979570915
600,0.16722408026755853,0.23920481046410855
601,0.16722408026755853,0.26164856830131006
602,0.16722408026755853,0.24642339289289994
603,0.16722408026755853,0.22258403247190153
604,0.16722408026755853,0.23325145427617802
605,0.16722408026755853,0.7502563718920549
606,0.16722408026755853,0.7541553234556955
607,0.1688963210702341,0.038813673658902904
608,0.1688963210702341,0.03882067425017204
609,0.1688963210702341,0.22811916979570915
610,0.1688963210702341,0.23920481046410855
611,0.1688963210702341,0.26164856830131006
612,0.1688963210702341,0.24642339289289994
613,0.1688963210702341,0.22258403247190153
614,0.1688963210702341,0.23325145427617802
615,0.1688963210702341,0.7502563718920549
616,0.1688963210702341,0.7541553234556955
617,0.1705685618729097,0.03880683585978357
618,0.1705685618729097,0.038813673658902904
619,0.1705685618729097,0.22811916979570915
620,0.1705685618729097,0.23920481046410855
621,0.1705685618729097,0.26164856830131006
622,0.1705685618729097,0.24642339289289994
623,0.1705685618729097,0.23325145427617802
624,0.1705685618729097,0.24387505432565953
625,0.1705685618729097,0.7462959034280618
626,0.1705685618729097,0.7502563718920549
627,0.17224080267558528,0.03880683585978357
628,0.17224080267558528,0.038813673658902904
629,0.17224080267558528,0.22811916979570915
630,0.17224080267558528,0.23920481046410855
631,0.17224080267558528,0.27665048221146243
632,0.17224080267558528,0.26164856830131006
633,0.17224080267558528,0.23325145427617802
634,0.17224080267558528,0.24387505432565953
635,0.17224080267558528,0.7462959034280618
636,0.17224080267558528,0.7502563718920549
637,0.17391304347826086,0.03880015606198827
638,0.17391304347826086,0.03880683585978357
639,0.17391304347826086,0.22811916979570915
640,0.17391304347826086,0.23920481046410855
641,0.17391304347826086,0.27665048221146243
642,0.17391304347826086,0.26164856830131006
643,0.17391304347826086,0.23325145427617802
644,0.17391304347826086,0.24387505432565953
645,0.17391304347826086,0.7422729713541222
646,0.17391304347826086,0.7462959034280618
647,0.17558528428093645,0.03880015606198827
648,0.17558528428093645,0.03880683585978357
649,0.17558528428093645,0.23920481046410855
650,0.17558528428093645,0.2501250264446739
651,0.17558528428093645,0.27665048221146243
652,0.17558528428093645,0.26164856830131006
653,0.17558528428093645,0.23325145427617802
654,0.17558528428093645,0.24387505432565953
655,0.17558528428093645,0.7422729713541222
656,0.17558528428093645,0.7462959034280618
657,0.17725752508361203,0.03880015606198827
658,0.17725752508361203,0.03880683585978357
659,0.17725752508361203,0.23920481046410855
660,0.17725752508361203,0.2501250264446739
661,0.17725752508361203,0.27665048221146243
662,0.17725752508361203,0.26164856830131006
663,0.17725752508361203,0.23325145427617802
664,0.17725752508361203,0.24387505432565953
665,0.17725752508361203,0.7381866162742127
666,0.17725752508361203,0.7422729713541222
667,0.17892976588628762,0.038793629654994756
668,0.17892976588628762,0.03880015606198827
669,0.17892976588628762,0.23920481046410855
670,0.17892976588628762,0.2501250264446739
671,0.17892976588628762,0.27665048221146243
672,0.17892976588628762,0.26164856830131006
673,0.17892976588628762,0.24387505432565953
674,0.17892976588628762,0.25444380738689637
675,0.17892976588628762,0.734035866091502
676,0.17892976588628762,0.7381866162742127
677,0.1806020066889632,0.038793629654994756
678,0.1806020066889632,0.03880015606198827
679,0.1806020066889632,0.23920481046410855
680,0.1806020066889632,0.2501250264446739
681,0.1806020066889632,0.27665048221146243
682,0.1806020066889632,0.26164856830131006
683,0.1806020066889632,0.24387505432565953
684,0.1806020066889632,0.25444380738689637
685,0.1806020066889632,0.734035866091502
686,0.1806020066889632,0.7381866162742127
687,0.18227424749163879,0.038793629654994756
688,0.18227424749163879,0.03880015606198827
689,0.18227424749163879,0.2501250264446739
690,0.18227424749163879,0.2608740488987623
691,0.18227424749163879,0.2913878523100232
692,0.18227424749163879,0.27665048221146243
693,0.18227424749163879,0.24387505432565953
694,0.18227424749163879,0.25444380738689637
695,0.18227424749163879,0.7298197360088892
696,0.18227424749163879,0.734035866091502
697,0.18394648829431437,0.038787252200183135
698,0.18394648829431437,0.038793629654994756
699,0.18394648829431437,0.2501250264446739
700,0.18394648829431437,0.2608740488987623
701,0.18394648829431437,0.2913878523100232
702,0.18394648829431437,0.27665048221146243
703,0.18394648829431437,0.24387505432565953
704,0.18394648829431437,0.25444380738689637
705,0.18394648829431437,0.7298197360088892
706,0.18394648829431437,0.734035866091502
707,0.18561872909698995,0.038787252200183135
708,0.18561872909698995,0.038793629654994756
709,0.18561872909698995,0.2501250264446739
710,0.18561872909698995,0.2608740488987623
711,0.18561872909698995,0.2913878523100232
712,0.18561872909698995,0.27665048221146243
713,0.18561872909698995,0.25444380738689637
714,0.18561872909698995,0.2649482950466178
715,0.18561872909698995,0.7255372285459475
716,0.18561872909698995,0.7298197360088892
717,0.18729096989966554,0.03878101942290065
718,0.18729096989966554,0.038787252200183135
719,0.18729096989966554,0.2501250264446739
720,0.18729096989966554,0.2608740488987623
721,0.18729096989966554,0.2913878523100232
722,0.18729096989966554,0.27665048221146243
723,0.18729096989966554,0.25444380738689637
724,0.18729096989966554,0.2649482950466178
725,0.18729096989966554,0.7211873335738669
726,0.18729096989966554,0.7255372285459475
727,0.18896321070234112,0.03878101942290065
728,0.18896321070234112,0.038787252200183135
729,0.18896321070234112,0.2501250264446739
730,0.18896321070234112,0.2608740488987623
731,0.18896321070234112,0.2913878523100232
732,0.18896321070234112,0.27665048221146243
733,0.18896321070234112,0.25444380738689637
734,0.18896321070234112,0.2649482950466178
735,0.18896321070234112,0.7211873335738669
736,0.18896321070234112,0.7255372285459475
737,0.1906354515050167,0.03878101942290065
738,0.1906354515050167,0.038787252200183135
739,0.1906354515050167,0.2608740488987623
740,0.1906354515050167,0.2714475100788866
741,0.1906354515050167,0.2913878523100232
742,0.1906354515050167,0.27665048221146243
743,0.1906354515050167,0.25444380738689637
744,0.1906354515050167,0.2649482950466178
745,0.1906354515050167,0.7167690283701444
746,0.1906354515050167,0.7211873335738669
747,0.1923076923076923,0.0387749272049616
748,0.1923076923076923,0.03878101942290065
749,0.1923076923076923,0.2608740488987623
750,0.1923076923076923,0.2714475100788866
751,0.1923076923076923,0.30582467989056394
752,0.1923076923076923,0.2913878523100232
753,0.1923076923076923,0.2649482950466178
754,0.1923076923076923,0.2753804409895919
755,0.1923076923076923,0.7167690283701444
756,0.1923076923076923,0.7211873335738669
757,0.1939799331103679,0.0387749272049616
758,0.1939799331103679,0.03878101942290065
759,0.1939799331103679,0.2608740488987623
760,0.1939799331103679,0.2714475100788866
761,0.1939799331103679,0.30582467989056394
762,0.1939799331103679,0.2913878523100232
763,0.1939799331103679,0.2649482950466178
764,0.1939799331103679,0.2753804409895919
765,0.1939799331103679,0.7122812776949067
766,0.1939799331103679,0.7167690283701444
767,0.1956521739130435,0.0387749272049616
768,0.1956521739130435,0.03878101942290065
769,0.1956521739130435,0.2608740488987623
770,0.1956521739130435,0.2714475100788866
771,0.1956521739130435,0.30582467989056394
772,0.1956521739130435,0.2913878523100232
773,0.1956521739130435,0.2649482950466178
774,0.1956521739130435,0.2753804409895919
775,0.1956521739130435,0.7122812776949067
776,0.1956521739130435,0.7167690283701444
777,0.19732441471571907,0.038768971577556544
778,0.19732441471571907,0.0387749272049616
779,0.19732441471571907,0.2714475100788866
780,0.19732441471571907,0.2818420906660881
781,0.19732441471571907,0.30582467989056394
782,0.19732441471571907,0.2913878523100232
783,0.19732441471571907,0.2649482950466178
784,0.19732441471571907,0.2753804409895919
785,0.19732441471571907,0.7077230338909131
786,0.19732441471571907,0.7122812776949067
787,0.19899665551839466,0.038768971577556544
788,0.19899665551839466,0.0387749272049616
789,0.19899665551839466,0.2714475100788866
790,0.19899665551839466,0.2818420906660881
791,0.19899665551839466,0.30582467989056394
792,0.19899665551839466,0.2913878523100232
793,0.19899665551839466,0.2753804409895919
794,0.19899665551839466,0.2857333015743304
795,0.19899665551839466,0.7030932370094646
796,0.19899665551839466,0.7077230338909131
797,0.20066889632107024,0.03876314871454348
798,0.20066889632107024,0.038768971577556544
799,0.20066889632107024,0.2714475100788866
800,0.20066889632107024,0.2818420906660881
801,0.20066889632107024,0.30582467989056394
802,0.20066889632107024,0.2913878523100232
803,0.20066889632107024,0.2753804409895919
804,0.20066889632107024,0.2857333015743304
805,0.20066889632107024,0.7030932370094646
806,0.20066889632107024,0.7077230338909131
807,0.20234113712374582,0.03876314871454348
808,0.20234113712374582,0.038768971577556544
809,0.20234113712374582,0.2818420906660881
810,0.20234113712374582,0.2920552591217991
811,0.20234113712374582,0.31992958956871953
812,0.20234113712374582,0.30582467989056394
813,0.20234113712374582,0.2753804409895919
814,0.20234113712374582,0.2857333015743304
815,0.20234113712374582,0.6983908149646315
816,0.20234113712374582,0.7030932370094646
817,0.2040133779264214,0.03876314871454348
818,0.2040133779264214,0.038768971577556544
819,0.2040133779264214,0.2818420906660881
820,0.2040133779264214,0.2920552591217991
821,0.2040133779264214,0.31992958956871953
822,0.2040133779264214,0.30582467989056394
823,0.2040133779264214,0.2753804409895919
824,0.2040133779264214,0.2857333015743304
825,0.2040133779264214,0.6983908149646315
826,0.2040133779264214,0.7030932370094646
827,0.205685618729097,0.03875745492609814
828,0.205685618729097,0.03876314871454348
829,0.205685618729097,0.2818420906660881
830,0.205685618729097,0.2920552591217991
831,0.205685618729097,0.31992958956871953
832,0.205685618729097,0.30582467989056394
833,0.205685618729097,0.2857333015743304
834,0.205685618729097,0.29600089825071824
835,0.205685618729097,0.6936146837184112
836,0.205685618729097,0.6983908149646315
837,0.20735785953177258,0.03875745492609814
838,0.20735785953177258,0.03876314871454348
839,0.20735785953177258,0.2818420906660881
840,0.20735785953177258,0.2920552591217991
841,0.20735785953177258,0.31992958956871953
842,0.20735785953177258,0.30582467989056394
843,0.20735785953177258,0.2857333015743304
844,0.20735785953177258,0.29600089825071824
845,0.20735785953177258,0.6887637474996636
846,0.20735785953177258,0.6936146837184112
847,0.20903010033444816,0.03875745492609814
848,0.20903010033444816,0.03876314871454348
849,0.20903010033444816,0.2920552591217991
850,0.20903010033444816,0.30208507651616334
851,0.20903010033444816,0.31992958956871953
852,0.20903010033444816,0.30582467989056394
853,0.20903010033444816,0.2857333015743304
854,0.20903010033444816,0.29600089825071824
855,0.20903010033444816,0.6887637474996636
856,0.20903010033444816,0.6936146837184112
857,0.21070234113712374,0.03875188665270052
858,0.21070234113712374,0.03875745492609814
859,0.21070234113712374,0.2920552591217991
860,0.21070234113712374,0.30208507651616334
861,0.21070234113712374,0.33367532514953224
862,0.21070234113712374,0.31992958956871953
863,0.21070234113712374,0.29600089825071824
864,0.21070234113712374,0.3061780819114003
865,0.21070234113712374,0.6838368990598982
866,0.21070234113712374,0.6887637474996636
867,0.21237458193979933,0.03875188665270052
868,0.21237458193979933,0.03875745492609814
869,0.21237458193979933,0.2920552591217991
870,0.21237458193979933,0.30208507651616334
871,0.21237458193979933,0.33367532514953224
872,0.21237458193979933,0.31992958956871953
873,0.21237458193979933,0.29600089825071824
874,0.21237458193979933,0.3061780819114003
875,0.21237458193979933,0.6788330199692564
876,0.21237458193979933,0.6838368990598982
877,0.2140468227424749,0.03875188665270052
878,0.2140468227424749,0.03875745492609814
879,0.2140468227424749,0.30208507651616334
880,0.2140468227424749,0.3119300485175248
881,0.2140468227424749,0.33367532514953224
882,0.2140468227424749,0.31992958956871953
883,0.2140468227424749,0.29600089825071824
884,0.2140468227424749,0.3061780819114003
885,0.2140468227424749,0.6788330199692564
886,0.2140468227424749,0.6838368990598982
887,0.2157190635451505,0.038746440459437835
888,0.2157190635451505,0.03875188665270052
889,0.2157190635451505,0.30208507651616334
890,0.2157190635451505,0.3119300485175248
891,0.2157190635451505,0.33367532514953224
892,0.2157190635451505,0.31992958956871953
893,0.2157190635451505,0.29600089825071824
894,0.2157190635451505,0.3061780819114003
895,0.2157190635451505,0.6737509809563177
896,0.2157190635451505,0.6788330199692564
897,0.21739130434782608,0.038746440459437835
898,0.21739130434782608,0.03875188665270052
899,0.21739130434782608,0.30208507651616334
900,0.21739130434782608,0.3119300485175248
901,0.21739130434782608,0.33367532514953224
902,0.21739130434782608,0.31992958956871953
903,0.21739130434782608,0.3061780819114003
904,0.21739130434782608,0.31626042184444525
905,0.21739130434782608,0.6737509809563177
906,0.21739130434782608,0.6788330199692564
907,0.21906354515050167,0.038746440459437835
908,0.21906354515050167,0.03875188665270052
909,0.21906354515050167,0.3119300485175248
910,0.21906354515050167,0.3215890117495371
911,0.21906354515050167,0.3470383486726722
912,0.21906354515050167,0.33367532514953224
913,0.21906354515050167,0.3061780819114003
914,0.21906354515050167,0.31626042184444525
915,0.21906354515050167,0.6685896422956602
916,0.21906354515050167,0.6737509809563177
917,0.22073578595317725,0.038741113030604034
918,0.22073578595317725,0.038746440459437835
919,0.22073578595317725,0.3119300485175248
920,0.22073578595317725,0.3215890117495371
921,0.22073578595317725,0.3470383486726722
922,0.22073578595317725,0.33367532514953224
923,0.22073578595317725,0.3061780819114003
924,0.22073578595317725,0.31626042184444525
925,0.22073578595317725,0.6633478542474491
926,0.22073578595317725,0.6685896422956602
927,0.22240802675585283,0.038741113030604034
928,0.22240802675585283,0.038746440459437835
929,0.22240802675585283,0.3119300485175248
930,0.22240802675585283,0.3215890117495371
931,0.22240802675585283,0.3470383486726722
932,0.22240802675585283,0.33367532514953224
933,0.22240802675585283,0.31626042184444525
934,0.22240802675585283,0.3262441138262734
935,0.22240802675585283,0.6633478542474491
936,0.22240802675585283,0.6685896422956602
937,0.22408026755852842,0.038741113030604034
938,0.22408026755852842,0.038746440459437835
939,0.22408026755852842,0.3215890117495371
940,0.22408026755852842,0.3310610454717372
941,0.22408026755852842,0.5426209492308456
942,0.22408026755852842,0.542932767659478
943,0.22408026755852842,0.3470383486726722
944,0.22408026755852842,0.33367532514953224
945,0.22408026755852842,0.31626042184444525
946,0.22408026755852842,0.3262441138262734
947,0.22408026755852842,0.658024457553682
948,0.22408026755852842,0.6633478542474491
949,0.225752508361204,0.03873590116457817
950,0.225752508361204,0.038741113030604034
951,0.225752508361204,0.3215890117495371
952,0.225752508361204,0.3310610454717372
953,0.225752508361204,0.5426209492308456
954,0.225752508361204,0.542932767659478
955,0.225752508361204,0.3599985082592988
956,0.225752508361204,0.3470383486726722
957,0.225752508361204,0.31626042184444525
958,0.225752508361204,0.3262441138262734
959,0.225752508361204,0.6526182839961256
960,0.225752508361204,0.658024457553682
961,0.22742474916387959,0.03873590116457817
962,0.22742474916387959,0.038741113030604034
963,0.22742474916387959,0.3215890117495371
964,0.22742474916387959,0.3310610454717372
965,0.22742474916387959,0.5426209492308456
966,0.22742474916387959,0.542932767659478
967,0.22742474916387959,0.3599985082592988
968,0.22742474916387959,0.3470383486726722
969,0.22742474916387959,0.3262441138262734
970,0.22742474916387959,0.33612590325808156
971,0.22742474916387959,0.6526182839961256
972,0.22742474916387959,0.658024457553682
973,0.22909698996655517,0.03873590116457817
974,0.22909698996655517,0.038741113030604034
975,0.22909698996655517,0.3310610454717372
976,0.22909698996655517,0.3403454021148949
977,0.22909698996655517,0.5426209492308456
978,0.22909698996655517,0.542932767659478
979,0.22909698996655517,0.3599985082592988
980,0.22909698996655517,0.3470383486726722
981,0.22909698996655517,0.3262441138262734
982,0.22909698996655517,0.33612590325808156
983,0.22909698996655517,0.6471281570213987
984,0.22909698996655517,0.6526182839961256
985,0.23076923076923075,0.03873080176896499
986,0.23076923076923075,0.03873590116457817
987,0.23076923076923075,0.3310610454717372
988,0.23076923076923075,0.3403454021148949
989,0.23076923076923075,0.5426209492308456
990,0.23076923076923075,0.542932767659478
991,0.23076923076923075,0.372538752441038
992,0.23076923076923075,0.3599985082592988
993,0.23076923076923075,0.33612590325808156
994,0.23076923076923075,0.34590302024821884
995,0.23076923076923075,0.64155289243913
996,0.23076923076923075,0.6471281570213987
997,0.23244147157190634,0.03873080176896499
998,0.23244147157190634,0.03873590116457817
999,0.23244147157190634,0.3403454021148949
1000,0.23244147157190634,0.3494414519920392
1001,0.23244147157190634,0.5426209492308456
1002,0.23244147157190634,0.542932767659478
1003,0.23244147157190634,0.372538752441038
1004,0.23244147157190634,0.3599985082592988
1005,0.23244147157190634,0.33612590325808156
1006,0.23244147157190634,0.34590302024821884
1007,0.23244147157190634,0.64155289243913
1008,0.23244147157190634,0.6471281570213987
1009,0.23411371237458192,0.03873080176896499
1010,0.23411371237458192,0.03873590116457817
1011,0.23411371237458192,0.3403454021148949
1012,0.23411371237458192,0.3494414519920392
1013,0.23411371237458192,0.5426209492308456
1014,0.23411371237458192,0.542932767659478
1015,0.23411371237458192,0.372538752441038
1016,0.23411371237458192,0.3599985082592988
1017,0.23411371237458192,0.33612590325808156
1018,0.23411371237458192,0.34590302024821884
1019,0.23411371237458192,0.6358912991996274
1020,0.23411371237458192,0.64155289243913
1021,0.23578595317725753,0.03872581185598266
1022,0.23578595317725753,0.03873080176896499
1023,0.23578595317725753,0.3494414519920392
1024,0.23578595317725753,0.35834863876382705
1025,0.23578595317725753,0.5426209492308456
1026,0.23578595317725753,0.542932767659478
1027,0.23578595317725753,0.372538752441038
1028,0.23578595317725753,0.3599985082592988
1029,0.23578595317725753,0.34590302024821884
1030,0.23578595317725753,0.35557312427910204
1031,0.23578595317725753,0.6301421802580507
1032,0.23578595317725753,0.6358912991996274
1033,0.23745819397993312,0.03872581185598266
1034,0.23745819397993312,0.03873080176896499
1035,0.23745819397993312,0.3494414519920392
1036,0.23745819397993312,0.35834863876382705
1037,0.23745819397993312,0.5426209492308456
1038,0.23745819397993312,0.542932767659478
1039,0.23745819397993312,0.3846448765147611
1040,0.23745819397993312,0.372538752441038
1041,0.23745819397993312,0.34590302024821884
1042,0.23745819397993312,0.35557312427910204
1043,0.23745819397993312,0.624304333532679
1044,0.23745819397993312,0.6301421802580507
1045,0.2391304347826087,0.03872581185598266
1046,0.2391304347826087,0.03873080176896499
1047,0.2391304347826087,0.35834863876382705
1048,0.2391304347826087,0.367066443130663
1049,0.2391304347826087,0.5426209492308456
1050,0.2391304347826087,0.542932767659478
1051,0.2391304347826087,0.3846448765147611
1052,0.2391304347826087,0.372538752441038
1053,0.2391304347826087,0.35557312427910204
1054,0.2391304347826087,0.36513425664305993
1055,0.2391304347826087,0.624304333532679
1056,0.2391304347826087,0.6301421802580507
1057,0.2408026755852843,0.03872092853808211
1058,0.2408026755852843,0.03872581185598266
1059,0.2408026755852843,0.35834863876382705
1060,0.2408026755852843,0.367066443130663
1061,0.2408026755852843,0.5426209492308456
1062,0.2408026755852843,0.542932767659478
1063,0.2408026755852843,0.3846448765147611
1064,0.2408026755852843,0.372538752441038
1065,0.2408026755852843,0.35557312427910204
1066,0.2408026755852843,0.36513425664305993
1067,0.2408026755852843,0.6183765529655326
1068,0.2408026755852843,0.624304333532679
1069,0.24247491638795987,0.03872092853808211
1070,0.24247491638795987,0.03872581185598266
1071,0.24247491638795987,0.367066443130663
1072,0.24247491638795987,0.37559435286595905
1073,0.24247491638795987,0.5426209492308456
1074,0.24247491638795987,0.542932767659478
1075,0.24247491638795987,0.396305291622241
1076,0.24247491638795987,0.3846448765147611
1077,0.24247491638795987,0.36513425664305993
1078,0.24247491638795987,0.37458479923894344
1079,0.24247491638795987,0.61235762969432
1080,0.24247491638795987,0.6183765529655326
1081,0.24414715719063546,0.03872092853808211
1082,0.24414715719063546,0.03872581185598266
1083,0.24414715719063546,0.367066443130663
1084,0.24414715719063546,0.37559435286595905
1085,0.24414715719063546,0.5426209492308456
1086,0.24414715719063546,0.542932767659478
1087,0.24414715719063546,0.396305291622241
1088,0.24414715719063546,0.3846448765147611
1089,0.24414715719063546,0.36513425664305993
1090,0.24414715719063546,0.37458479923894344
1091,0.24414715719063546,0.6062463533454696
1092,0.24414715719063546,0.61235762969432
1093,0.24581939799331104,0.03872092853808211
1094,0.24581939799331104,0.03872581185598266
1095,0.24581939799331104,0.37559435286595905
1096,0.24581939799331104,0.3839318377707679
1097,0.24581939799331104,0.5426209492308456
1098,0.24581939799331104,0.542932767659478
1099,0.24581939799331104,0.4075108106440163
1100,0.24581939799331104,0.396305291622241
1101,0.24581939799331104,0.37458479923894344
1102,0.24581939799331104,0.38392343862769707
1103,0.24581939799331104,0.6062463533454696
1104,0.24581939799331104,0.61235762969432
1105,0.24749163879598662,0.03871614902378557
1106,0.24749163879598662,0.03872092853808211
1107,0.24749163879598662,0.37559435286595905
1108,0.24749163879598662,0.3839318377707679
1109,0.24749163879598662,0.5426209492308456
1110,0.24749163879598662,0.542932767659478
1111,0.24749163879598662,0.4075108106440163
1112,0.24749163879598662,0.396305291622241
1113,0.24749163879598662,0.37458479923894344
1114,0.24749163879598662,0.38392343862769707
1115,0.24749163879598662,0.6000415134588664
1116,0.24749163879598662,0.6062463533454696
1117,0.2491638795986622,0.03871614902378557
1118,0.2491638795986622,0.03872092853808211
1119,0.2491638795986622,0.3839318377707679
1120,0.2491638795986622,0.392078328471457
1121,0.2491638795986622,0.5426209492308456
1122,0.2491638795986622,0.542932767659478
1123,0.2491638795986622,0.4182544472251761
1124,0.2491638795986622,0.4075108106440163
1125,0.2491638795986622,0.38392343862769707
1126,0.2491638795986622,0.39314913447706495
1127,0.2491638795986622,0.5937419010558562
1128,0.2491638795986622,0.6000415134588664
1129,0.2508361204013378,0.03871614902378557
1130,0.2508361204013378,0.03872092853808211
1131,0.2508361204013378,0.392078328471457
1132,0.2508361204013378,0.40003319823473715
1133,0.2508361204013378,0.5426209492308456
1134,0.2508361204013378,0.542932767659478
1135,0.2508361204013378,0.4182544472251761
1136,0.2508361204013378,0.4075108106440163
1137,0.2508361204013378,0.39314913447706495
1138,0.2508361204013378,0.40226109170261704
1139,0.2508361204013378,0.5873463103631005
1140,0.2508361204013378,0.5937419010558562
1141,0.2525083612040134,0.03871147061373126
1142,0.2525083612040134,0.03871614902378557
1143,0.2525083612040134,0.40003319823473715
1144,0.2525083612040134,0.40779574716305567
1145,0.2525083612040134,0.5426209492308456
1146,0.2525083612040134,0.542932767659478
1147,0.2525083612040134,0.42853122570728924
1148,0.2525083612040134,0.4182544472251761
1149,0.2525083612040134,0.39314913447706495
1150,0.2525083612040134,0.40226109170261704
1151,0.2525083612040134,0.58085354070602
1152,0.2525083612040134,0.5873463103631005
1153,0.25418060200668896,0.03871147061373126
1154,0.25418060200668896,0.03871614902378557
1155,0.25418060200668896,0.40003319823473715
1156,0.25418060200668896,0.40779574716305567
1157,0.25418060200668896,0.5426209492308456
1158,0.25418060200668896,0.542932767659478
1159,0.25418060200668896,0.42853122570728924
1160,0.25418060200668896,0.4182544472251761
1161,0.25418060200668896,0.40226109170261704
1162,0.25418060200668896,0.4112587357483184
1163,0.25418060200668896,0.5742623985867851
1164,0.25418060200668896,0.58085354070602
1165,0.25585284280936454,0.03871147061373126
1166,0.25585284280936454,0.03871614902378557
1167,0.25585284280936454,0.40779574716305567
1168,0.25585284280936454,0.41536518827553287
1169,0.25585284280936454,0.5426209492308456
1170,0.25585284280936454,0.542932767659478
1171,0.25585284280936454,0.4383380006809592
1172,0.25585284280936454,0.42853122570728924
1173,0.25585284280936454,0.4112587357483184
1174,0.25585284280936454,0.42014169055521733
1175,0.25585284280936454,0.5675716999632036
1176,0.25585284280936454,0.5742623985867851
1177,0.25752508361204013,0.0387068906969116
1178,0.25752508361204013,0.03871147061373126
1179,0.25752508361204013,0.4227406350877612
1180,0.25752508361204013,0.42992109038670145
1181,0.25752508361204013,0.5426209492308456
1182,0.25752508361204013,0.542932767659478
1183,0.25752508361204013,0.4476732854666931
1184,0.25752508361204013,0.4383380006809592
1185,0.25752508361204013,0.42014169055521733
1186,0.25752508361204013,0.4289097588490151
1187,0.25752508361204013,0.5607802727463624
1188,0.25752508361204013,0.5675716999632036
1189,0.2591973244147157,0.0387068906969116
1190,0.2591973244147157,0.03871147061373126
1191,0.2591973244147157,0.42992109038670145
1192,0.2591973244147157,0.43690543596110953
1193,0.2591973244147157,0.5426209492308456
1194,0.2591973244147157,0.542932767659478
1195,0.2591973244147157,0.4565370891917217
1196,0.2591973244147157,0.4476732854666931
1197,0.2591973244147157,0.4289097588490151
1198,0.2591973244147157,0.4375629044419309
1199,0.2591973244147157,0.5468906206189011
1200,0.2591973244147157,0.5538869595365568
1201,0.2608695652173913,0.0387068906969116
1202,0.2608695652173913,0.03871147061373126
1203,0.2608695652173913,0.43690543596110953
1204,0.2608695652173913,0.4436924230980804
1205,0.2608695652173913,0.5426209492308456
1206,0.2608695652173913,0.542932767659478
1207,0.2608695652173913,0.4649307623340898
1208,0.2608695652173913,0.4565370891917217
1209,0.2608695652173913,0.4375629044419309
1210,0.2608695652173913,0.44610123629542686
1211,0.2608695652173913,0.5397901372420927
1212,0.2608695652173913,0.5468906206189011
1213,0.2625418060200669,0.03870240674709571
1214,0.2625418060200669,0.0387068906969116
1215,0.2625418060200669,0.45028066369586184
1216,0.2625418060200669,0.4566686218746733
1217,0.2625418060200669,0.5345774697641659
1218,0.2625418060200669,0.536620051355846
1219,0.2625418060200669,0.5396506589043096
1220,0.2625418060200669,0.5379708856492469
1221,0.2625418060200669,0.4728568507055908
1222,0.2625418060200669,0.4649307623340898
1223,0.2625418060200669,0.44610123629542686
1224,0.2625418060200669,0.45452499413125586
1225,0.2625418060200669,0.5252723887871028
1226,0.2625418060200669,0.532584415206095
1227,0.26421404682274247,0.03870240674709571
1228,0.26421404682274247,0.0387068906969116
1229,0.26421404682274247,0.4746130610434632
1230,0.26421404682274247,0.48018130237898454
1231,0.26421404682274247,0.5090739855076488
1232,0.26421404682274247,0.5131077607677517
1233,0.26421404682274247,0.5200312495803601
1234,0.26421404682274247,0.5156522836797686
1235,0.26421404682274247,0.4938701653129174
1236,0.26421404682274247,0.4873216160501693
1237,0.26421404682274247,0.4710303235320335
1238,0.26421404682274247,0.47911291710566445
1239,0.26421404682274247,0.502688346161286
1240,0.26421404682274247,0.510325328450249
1241,0.26588628762541805,0.03870240674709571
1242,0.26588628762541805,0.0387068906969116
1243,0.26588628762541805,0.4906838629514464
1244,0.26588628762541805,0.49561282375006765
1245,0.26588628762541805,0.5056296706351298
1246,0.26588628762541805,0.4999706412363179
1247,0.26588628762541805,0.4870829602089784
1248,0.26588628762541805,0.4949411735069033
1249,0.26755852842809363,0.03870240674709571
1250,0.26755852842809363,0.0387068906969116
1251,0.26755852842809363,0.4906838629514464
1252,0.26755852842809363,0.49561282375006765
1253,0.26755852842809363,0.5056296706351298
1254,0.26755852842809363,0.4999706412363179
1255,0.26755852842809363,0.4870829602089784
1256,0.26755852842809363,0.4949411735069033
1257,0.2692307692307692,0.03869801631942415
1258,0.2692307692307692,0.03870240674709571
1259,0.2692307692307692,0.4906838629514464
1260,0.2692307692307692,0.49561282375006765
1261,0.2692307692307692,0.5056296706351298
1262,0.2692307692307692,0.4999706412363179
1263,0.2692307692307692,0.4870829602089784
1264,0.2692307692307692,0.4949411735069033
1265,0.2709030100334448,0.03869801631942415
1266,0.2709030100334448,0.03870240674709571
1267,0.2709030100334448,0.4906838629514464
1268,0.2709030100334448,0.49561282375006765
1269,0.2709030100334448,0.5056296706351298
1270,0.2709030100334448,0.4999706412363179
1271,0.2709030100334448,0.4870829602089784
1272,0.2709030100334448,0.4949411735069033
1273,0.2725752508361204,0.03869801631942415
1274,0.2725752508361204,0.03870240674709571
1275,0.2725752508361204,0.4906838629514464
1276,0.2725752508361204,0.49561282375006765
1277,0.2725752508361204,0.5056296706351298
1278,0.2725752508361204,0.4999706412363179
1279,0.2725752508361204,0.4870829602089784
1280,0.2725752508361204,0.4949411735069033
1281,0.27424749163879597,0.03869371704716708
1282,0.27424749163879597,0.03869801631942415
1283,0.27424749163879597,0.4906838629514464
1284,0.27424749163879597,0.49561282375006765
1285,0.27424749163879597,0.5056296706351298
1286,0.27424749163879597,0.4999706412363179
1287,0.27424749163879597,0.4870829602089784
1288,0.27424749163879597,0.4949411735069033
1289,0.27591973244147155,0.03869371704716708
1290,0.27591973244147155,0.03869801631942415
1291,0.27591973244147155,0.4906838629514464
1292,0.27591973244147155,0.49561282375006765
1293,0.27591973244147155,0.5056296706351298
1294,0.27591973244147155,0.4999706412363179
1295,0.27591973244147155,0.4870829602089784
1296,0.27591973244147155,0.4949411735069033
1297,0.27759197324414714,0.03869371704716708
1298,0.27759197324414714,0.03869801631942415
1299,0.27759197324414714,0.4906838629514464
1300,0.27759197324414714,0.49561282375006765
1301,0.27759197324414714,0.5056296706351298
1302,0.27759197324414714,0.4999706412363179
1303,0.27759197324414714,0.4870829602089784
1304,0.27759197324414714,0.4949411735069033
1305,0.2792642140468227,0.03869371704716708
1306,0.2792642140468227,0.03869801631942415
1307,0.2792642140468227,0.4906838629514464
1308,0.2792642140468227,0.49561282375006765
1309,0.2792642140468227,0.5056296706351298
1310,0.2792642140468227,0.4999706412363179
1311,0.2792642140468227,0.4870829602089784
1312,0.2792642140468227,0.4949411735069033
1313,0.2809364548494983,0.038689506638636365
1314,0.2809364548494983,0.03869371704716708
1315,0.2809364548494983,0.4906838629514464
1316,0.2809364548494983,0.49561282375006765
1317,0.2809364548494983,0.5056296706351298
1318,0.2809364548494983,0.4999706412363179
1319,0.2809364548494983,0.4870829602089784
1320,0.2809364548494983,0.4949411735069033
1321,0.2826086956521739,0.038689506638636365
1322,0.2826086956521739,0.03869371704716708
1323,0.2826086956521739,0.4906838629514464
1324,0.2826086956521739,0.49561282375006765
1325,0.2826086956521739,0.5056296706351298
1326,0.2826086956521739,0.4999706412363179
1327,0.2826086956521739,0.4870829602089784
1328,0.2826086956521739,0.4949411735069033
1329,0.2842809364548495,0.038689506638636365
1330,0.2842809364548495,0.03869371704716708
1331,0.2842809364548495,0.4906838629514464
1332,0.2842809364548495,0.49561282375006765
1333,0.2842809364548495,0.5056296706351298
1334,0.2842809364548495,0.4999706412363179
1335,0.2842809364548495,0.4870829602089784
1336,0.2842809364548495,0.4949411735069033
1337,0.28595317725752506,0.038685382874244
1338,0.28595317725752506,0.038689506638636365
1339,0.28595317725752506,0.4906838629514464
1340,0.28595317725752506,0.49561282375006765
1341,0.28595317725752506,0.5056296706351298
1342,0.28595317725752506,0.4999706412363179
1343,0.28595317725752506,0.4870829602089784
1344,0.28595317725752506,0.4949411735069033
1345,0.28762541806020064,0.038685382874244
1346,0.28762541806020064,0.038689506638636365
1347,0.28762541806020064,0.4906838629514464
1348,0.28762541806020064,0.49561282375006765
1349,0.28762541806020064,0.5056296706351298
1350,0.28762541806020064,0.4999706412363179
1351,0.28762541806020064,0.4870829602089784
1352,0.28762541806020064,0.4949411735069033
1353,0.28929765886287623,0.038685382874244
1354,0.28929765886287623,0.038689506638636365
1355,0.28929765886287623,0.4906838629514464
1356,0.28929765886287623,0.49561282375006765
1357,0.28929765886287623,0.5056296706351298
1358,0.28929765886287623,0.4999706412363179
1359,0.28929765886287623,0.4870829602089784
1360,0.28929765886287623,0.4949411735069033
1361,0.2909698996655518,0.038685382874244
1362,0.2909698996655518,0.038689506638636365
1363,0.2909698996655518,0.4906838629514464
1364,0.2909698996655518,0.49561282375006765
1365,0.2909698996655518,0.5056296706351298
1366,0.2909698996655518,0.4999706412363179
1367,0.2909698996655518,0.4870829602089784
1368,0.2909698996655518,0.4949411735069033
1369,0.2926421404682274,0.038681343603697536
1370,0.2926421404682274,0.038685382874244
1371,0.2926421404682274,0.4906838629514464
1372,0.2926421404682274,0.49561282375006765
1373,0.2926421404682274,0.5056296706351298
1374,0.2926421404682274,0.4999706412363179
1375,0.2926421404682274,0.4870829602089784
1376,0.2926421404682274,0.4949411735069033
1377,0.294314381270903,0.038681343603697536
1378,0.294314381270903,0.038685382874244
1379,0.294314381270903,0.4906838629514464
1380,0.294314381270903,0.49561282375006765
1381,0.294314381270903,0.5056296706351298
1382,0.294314381270903,0.4999706412363179
1383,0.294314381270903,0.4870829602089784
1384,0.294314381270903,0.4949411735069033
1385,0.29598662207357856,0.038681343603697536
1386,0.29598662207357856,0.038685382874244
1387,0.29598662207357856,0.4906838629514464
1388,0.29598662207357856,0.49561282375006765
1389,0.29598662207357856,0.5056296706351298
1390,0.29598662207357856,0.4999706412363179
1391,0.29598662207357856,0.4870829602089784
1392,0.29598662207357856,0.4949411735069033
1393,0.29765886287625415,0.038681343603697536
1394,0.29765886287625415,0.038685382874244
1395,0.29765886287625415,0.4906838629514464
1396,0.29765886287625415,0.49561282375006765
1397,0.29765886287625415,0.5056296706351298
1398,0.29765886287625415,0.4999706412363179
1399,0.29765886287625415,0.4870829602089784
1400,0.29765886287625415,0.4949411735069033
1401,0.29933110367892973,0.0386773867433263
1402,0.29933110367892973,0.038681343603697536
1403,0.29933110367892973,0.4906838629514464
1404,0.29933110367892973,0.49561282375006765
1405,0.29933110367892973,0.5056296706351298
1406,0.29933110367892973,0.4999706412363179
1407,0.29933110367892973,0.4870829602089784
1408,0.29933110367892973,0.4949411735069033
1409,0.3010033444816054,0.0386773867433263
1410,0.3010033444816054,0.038681343603697536
1411,0.3010033444816054,0.4906838629514464
1412,0.3010033444816054,0.49561282375006765
1413,0.3010033444816054,0.5056296706351298
1414,0.3010033444816054,0.4999706412363179
1415,0.3010033444816054,0.4870829602089784
1416,0.3010033444816054,0.4949411735069033
1417,0.30267558528428096,0.0386773867433263
1418,0.30267558528428096,0.038681343603697536
1419,0.30267558528428096,0.4906838629514464
1420,0.30267558528428096,0.49561282375006765
1421,0.30267558528428096,0.5056296706351298
1422,0.30267558528428096,0.4999706412363179
1423,0.30267558528428096,0.4870829602089784
1424,0.30267558528428096,0.4949411735069033
1425,0.30434782608695654,0.0386773867433263
1426,0.30434782608695654,0.038681343603697536
1427,0.30434782608695654,0.4906838629514464
1428,0.30434782608695654,0.49561282375006765
1429,0.30434782608695654,0.5056296706351298
1430,0.30434782608695654,0.4999706412363179
1431,0.30434782608695654,0.4870829602089784
1432,0.30434782608695654,0.4949411735069033
1433,0.3060200668896321,0.03867351027353048
1434,0.3060200668896321,0.0386773867433263
1435,0.3060200668896321,0.4906838629514464
1436,0.3060200668896321,0.49561282375006765
1437,0.3060200668896321,0.5056296706351298
1438,0.3060200668896321,0.4999706412363179
1439,0.3060200668896321,0.4870829602089784
1440,0.3060200668896321,0.4949411735069033
1441,0.3076923076923077,0.03867351027353048
1442,0.3076923076923077,0.0386773867433263
1443,0.3076923076923077,0.4906838629514464
1444,0.3076923076923077,0.49561282375006765
1445,0.3076923076923077,0.5056296706351298
1446,0.3076923076923077,0.4999706412363179
1447,0.3076923076923077,0.4870829602089784
1448,0.3076923076923077,0.4949411735069033
1449,0.3093645484949833,0.03867351027353048
1450,0.3093645484949833,0.0386773867433263
1451,0.3110367892976589,0.03866971223634751
1452,0.3110367892976589,0.03867351027353048
1453,0.31270903010033446,0.03866971223634751
1454,0.31270903010033446,0.03867351027353048
1455,0.31438127090301005,0.03866971223634751
1456,0.31438127090301005,0.03867351027353048
1457,0.31605351170568563,0.03866971223634751
1458,0.31605351170568563,0.03867351027353048
1459,0.3177257525083612,0.03866599073312788
1460,0.3177257525083612,0.03866971223634751
1461,0.3193979933110368,0.03866599073312788
1462,0.3193979933110368,0.03866971223634751
1463,0.3210702341137124,0.03866599073312788
1464,0.3210702341137124,0.03866971223634751
1465,0.32274247491638797,0.03866599073312788
1466,0.32274247491638797,0.03866971223634751
1467,0.32441471571906355,0.03866234392231704
1468,0.32441471571906355,0.03866599073312788
1469,0.32608695652173914,0.03866234392231704
1470,0.32608695652173914,0.03866599073312788
1471,0.3277591973244147,0.03866234392231704
1472,0.3277591973244147,0.03866599073312788
1473,0.3294314381270903,0.03866234392231704
1474,0.3294314381270903,0.03866599073312788
1475,0.3311036789297659,0.03865877001733509
1476,0.3311036789297659,0.03866234392231704
1477,0.33277591973244147,0.03865877001733509
1478,0.33277591973244147,0.03866234392231704
1479,0.33444816053511706,0.03865877001733509
1480,0.33444816053511706,0.03866234392231704
1481,0.33612040133779264,0.03865877001733509
1482,0.33612040133779264,0.03866234392231704
1483,0.3377926421404682,0.0386552672845517
1484,0.3377926421404682,0.03865877001733509
1485,0.3394648829431438,0.0386552672845517
1486,0.3394648829431438,0.03865877001733509
1487,0.3411371237458194,0.0386552672845517
1488,0.3411371237458194,0.03865877001733509
1489,0.342809364548495,0.0386552672845517
1490,0.342809364548495,0.03865877001733509
1491,0.34448160535117056,0.03865183404134968
1492,0.34448160535117056,0.0386552672845517
1493,0.34615384615384615,0.03865183404134968
1494,0.34615384615384615,0.0386552672845517
1495,0.34782608695652173,0.03865183404134968
1496,0.34782608695652173,0.0386552672845517
1497,0.3494983277591973,0.03865183404134968
1498,0.3494983277591973,0.0386552672845517
1499,0.3511705685618729,0.03865183404134968
1500,0.3511705685618729,0.0386552672845517
1501,0.3528428093645485,0.03864846865427336
1502,0.3528428093645485,0.03865183404134968
1503,0.35451505016722407,0.03864846865427336
1504,0.35451505016722407,0.03865183404134968
1505,0.35618729096989965,0.03864846865427336
1506,0.35618729096989965,0.03865183404134968
1507,0.35785953177257523,0.03864846865427336
1508,0.35785953177257523,0.03865183404134968
1509,0.3595317725752508,0.03864516953725731
1510,0.3595317725752508,0.03864846865427336
1511,0.3612040133779264,0.03864516953725731
1512,0.3612040133779264,0.03864846865427336
1513,0.362876254180602,0.03864516953725731
1514,0.362876254180602,0.03864846865427336
1515,0.36454849498327757,0.03864516953725731
1516,0.36454849498327757,0.03864846865427336
1517,0.36622073578595316,0.038641935149931465
1518,0.36622073578595316,0.03864516953725731
1519,0.36789297658862874,0.038641935149931465
1520,0.36789297658862874,0.03864516953725731
1521,0.3695652173913043,0.038641935149931465
1522,0.3695652173913043,0.03864516953725731
1523,0.3712374581939799,0.038641935149931465
1524,0.3712374581939799,0.03864516953725731
1525,0.3729096989966555,0.038641935149931465
1526,0.3729096989966555,0.03864516953725731
1527,0.3745819397993311,0.03863876399599899
1528,0.3745819397993311,0.038641935149931465
1529,0.37625418060200666,0.03863876399599899
1530,0.37625418060200666,0.038641935149931465
1531,0.37792642140468224,0.03863876399599899
1532,0.37792642140468224,0.038641935149931465
1533,0.37959866220735783,0.03863876399599899
1534,0.37959866220735783,0.038641935149931465
1535,0.3812709030100334,0.038635654621682454
1536,0.3812709030100334,0.03863876399599899
1537,0.382943143812709,0.038635654621682454
1538,0.382943143812709,0.03863876399599899
1539,0.3846153846153846,0.038635654621682454
1540,0.3846153846153846,0.03863876399599899
1541,0.3862876254180602,0.038635654621682454
1542,0.3862876254180602,0.03863876399599899
1543,0.3879598662207358,0.038635654621682454
1544,0.3879598662207358,0.03863876399599899
1545,0.3896321070234114,0.03863260561423645
1546,0.3896321070234114,0.038635654621682454
1547,0.391304347826087,0.03863260561423645
1548,0.391304347826087,0.038635654621682454
1549,0.39297658862876256,0.03863260561423645
1550,0.39297658862876256,0.038635654621682454
1551,0.39464882943143814,0.03863260561423645
1552,0.39464882943143814,0.038635654621682454
1553,0.3963210702341137,0.03862961560052149
1554,0.3963210702341137,0.03863260561423645
1555,0.3979933110367893,0.03862961560052149
1556,0.3979933110367893,0.03863260561423645
1557,0.3996655518394649,0.03862961560052149
1558,0.3996655518394649,0.03863260561423645
1559,0.4013377926421405,0.03862961560052149
1560,0.4013377926421405,0.03863260561423645
1561,0.40301003344481606,0.03862961560052149
1562,0.40301003344481606,0.03863260561423645
1563,0.40468227424749165,0.03862668324563818
1564,0.40468227424749165,0.03862961560052149
1565,0.40635451505016723,0.03862668324563818
1566,0.40635451505016723,0.03862961560052149
1567,0.4080267558528428,0.03862668324563818
1568,0.4080267558528428,0.03862961560052149
1569,0.4096989966555184,0.03862668324563818
1570,0.4096989966555184,0.03862961560052149
1571,0.411371237458194,0.03862668324563818
1572,0.411371237458194,0.03862961560052149
1573,0.41304347826086957,0.03862380725161718
1574,0.41304347826086957,0.03862668324563818
1575,0.41471571906354515,0.03862380725161718
1576,0.41471571906354515,0.03862668324563818
1577,0.41638795986622074,0.03862380725161718
1578,0.41638795986622074,0.03862668324563818
1579,0.4180602006688963,0.03862380725161718
1580,0.4180602006688963,0.03862668324563818
1581,0.4197324414715719,0.03862098635616306
1582,0.4197324414715719,0.03862380725161718
1583,0.4214046822742475,0.03862098635616306
1584,0.4214046822742475,0.03862380725161718
1585,0.4230769230769231,0.03862098635616306
1586,0.4230769230769231,0.03862380725161718
1587,0.42474916387959866,0.03862098635616306
1588,0.42474916387959866,0.03862380725161718
1589,0.42642140468227424,0.03862098635616306
1590,0.42642140468227424,0.03862380725161718
1591,0.4280936454849498,0.03861821933144952
1592,0.4280936454849498,0.03862098635616306
1593,0.4297658862876254,0.03861821933144952
1594,0.4297658862876254,0.03862098635616306
1595,0.431438127090301,0.03861821933144952
1596,0.431438127090301,0.03862098635616306
1597,0.4331103678929766,0.03861821933144952
1598,0.4331103678929766,0.03862098635616306
1599,0.43478260869565216,0.03861821933144952
1600,0.43478260869565216,0.03862098635616306
1601,0.43645484949832775,0.038615504982963116
1602,0.43645484949832775,0.03861821933144952
1603,0.43812709030100333,0.038615504982963116
1604,0.43812709030100333,0.03861821933144952
1605,0.4397993311036789,0.038615504982963116
1606,0.4397993311036789,0.03861821933144952
1607,0.4414715719063545,0.038615504982963116
1608,0.4414715719063545,0.03861821933144952
1609,0.4431438127090301,0.038615504982963116
1610,0.4431438127090301,0.03861821933144952
1611,0.44481605351170567,0.038612842148393375
1612,0.44481605351170567,0.038615504982963116
1613,0.44648829431438125,0.038612842148393375
1614,0.44648829431438125,0.038615504982963116
1615,0.44816053511705684,0.038612842148393375
1616,0.44816053511705684,0.038615504982963116
1617,0.4498327759197324,0.038612842148393375
1618,0.4498327759197324,0.038615504982963116
1619,0.451505016722408,0.038612842148393375
1620,0.451505016722408,0.038615504982963116
1621,0.4531772575250836,0.038612842148393375
1622,0.4531772575250836,0.038615504982963116
1623,0.45484949832775917,0.03861022969656783
1624,0.45484949832775917,0.038612842148393375
1625,0.45652173913043476,0.03861022969656783
1626,0.45652173913043476,0.038612842148393375
1627,0.45819397993311034,0.03861022969656783
1628,0.45819397993311034,0.038612842148393375
1629,0.4598662207357859,0.03861022969656783
1630,0.4598662207357859,0.038612842148393375
1631,0.4615384615384615,0.03861022969656783
1632,0.4615384615384615,0.038612842148393375
1633,0.4632107023411371,0.03860766652642813
1634,0.4632107023411371,0.03861022969656783
1635,0.4648829431438127,0.03860766652642813
1636,0.4648829431438127,0.03861022969656783
1637,0.46655518394648826,0.03860766652642813
1638,0.46655518394648826,0.03861022969656783
1639,0.46822742474916385,0.03860766652642813
1640,0.46822742474916385,0.03861022969656783
1641,0.46989966555183943,0.03860766652642813
1642,0.46989966555183943,0.03861022969656783
1643,0.47157190635451507,0.03860515156604792
1644,0.47157190635451507,0.03860766652642813
1645,0.47324414715719065,0.03860515156604792
1646,0.47324414715719065,0.03860766652642813
1647,0.47491638795986624,0.03860515156604792
1648,0.47491638795986624,0.03860766652642813
1649,0.4765886287625418,0.03860515156604792
1650,0.4765886287625418,0.03860766652642813
1651,0.4782608695652174,0.03860515156604792
1652,0.4782608695652174,0.03860766652642813
1653,0.479933110367893,0.03860515156604792
1654,0.479933110367893,0.03860766652642813
1655,0.4816053511705686,0.03860268377168772
1656,0.4816053511705686,0.03860515156604792
1657,0.48327759197324416,0.03860268377168772
1658,0.48327759197324416,0.03860515156604792
1659,0.48494983277591974,0.03860268377168772
1660,0.48494983277591974,0.03860515156604792
1661,0.4866220735785953,0.03860268377168772
1662,0.4866220735785953,0.03860515156604792
1663,0.4882943143812709,0.03860268377168772
1664,0.4882943143812709,0.03860515156604792
1665,0.4899665551839465,0.038600262126887545
1666,0.4899665551839465,0.03860268377168772
1667,0.4916387959866221,0.038600262126887545
1668,0.4916387959866221,0.03860268377168772
1669,0.49331103678929766,0.038600262126887545
1670,0.49331103678929766,0.03860268377168772
1671,0.49498327759197325,0.038600262126887545
1672,0.49498327759197325,0.03860268377168772
1673,0.49665551839464883,0.038600262126887545
1674,0.49665551839464883,0.03860268377168772
1675,0.4983277591973244,0.038600262126887545
1676,0.4983277591973244,0.03860268377168772
1677,0.5,0.038597885641594096
1678,0.5,0.038600262126887545
